1,1,733.24,266.57,70.96000000000004,38.079999999999984,1,1,1.0
1,2,123.82,333.22,129.85,58.85999999999996,1,1,1.0
1,3,208.65,248.39,96.96000000000001,42.410000000000025,1,1,1.0
2,1,719.53,268.3,72.12,39.25,1,1,1.0
2,2,97.11,336.54,135.35000000000002,61.299999999999955,1,1,1.0
2,3,208.67,248.43,96.95000000000002,42.420000000000016,1,1,1.0
3,1,705.82,270.03,73.27999999999997,40.410000000000025,1,1,1.0
3,2,70.4,339.86,140.85,63.74000000000001,1,1,1.0
3,3,208.68,248.48,96.94999999999999,42.41,1,1,1.0
4,1,692.12,271.76,74.42999999999995,41.56999999999999,1,1,1.0
4,2,52.8,343.18,137.24,64.25,1,1,1.0
4,3,208.69,248.52,96.94999999999999,42.41999999999999,1,1,1.0
5,1,678.41,273.49,75.59000000000003,42.73000000000002,1,1,1.0
5,2,35.2,346.49,133.64,64.75999999999999,1,1,1.0
5,3,208.7,248.57,96.94999999999999,42.410000000000025,1,1,1.0
6,1,664.71,275.22,76.74000000000001,43.889999999999986,1,1,1.0
6,2,17.6,349.81,130.03,65.26999999999998,1,1,1.0
6,3,208.71,248.61,96.95000000000002,42.41999999999996,1,1,1.0
7,1,651.0,276.95,77.89999999999998,45.05000000000001,1,1,1.0
7,2,0.0,353.13,126.42,65.76999999999998,1,1,1.0
7,3,208.72,248.66,96.95000000000002,42.41,1,1,1.0
8,1,635.99,278.69,79.90999999999997,45.04000000000002,1,1,1.0
8,2,0.29,357.17,101.89,64.02999999999997,1,1,1.0
8,3,208.73,248.7,96.95000000000002,42.420000000000016,1,1,1.0
9,1,620.99,280.42,81.90999999999997,45.039999999999964,1,1,1.0
9,2,0.58,361.21,77.36,62.29000000000002,1,1,1.0
9,3,208.74,248.74,96.95999999999998,42.420000000000016,1,1,1.0
10,1,605.99,282.15,83.90999999999997,45.04000000000002,1,1,1.0
10,2,0.87,365.25,52.830000000000005,60.55000000000001,1,1,1.0
10,3,208.76,248.79,96.94999999999999,42.41999999999999,1,1,1.0
11,1,589.11,284.56,85.64999999999998,45.910000000000025,1,1,1.0
11,2,0.87,365.25,52.830000000000005,60.55000000000001,1,1,1.0
11,3,208.77,248.83,96.95000000000002,42.41999999999999,1,1,1.0
12,1,572.23,286.97,87.38,46.76999999999998,1,1,1.0
12,3,208.78,248.88,96.95000000000002,42.420000000000016,1,1,1.0
13,1,555.36,289.38,89.11000000000001,47.629999999999995,1,1,1.0
13,3,208.79,248.92,96.95000000000002,42.41999999999999,1,1,1.0
14,1,538.48,291.79,90.84000000000003,48.5,1,1,1.0
14,3,208.8,248.97,96.94999999999999,42.41,1,1,1.0
15,1,521.61,294.2,92.56999999999994,49.360000000000014,1,1,1.0
15,3,208.81,249.01,96.94999999999999,42.420000000000016,1,1,1.0
16,1,504.73,296.61,94.29999999999995,50.21999999999997,1,1,1.0
16,3,208.82,249.06,96.94999999999999,42.410000000000025,1,1,1.0
17,1,487.85,299.01,96.03999999999996,51.10000000000002,1,1,1.0
17,3,208.83,249.1,96.96000000000001,42.41999999999999,1,1,1.0
18,1,470.98,301.42,97.75999999999999,51.95999999999998,1,1,1.0
18,3,208.84,249.15,96.96000000000001,42.41,1,1,1.0
19,1,454.1,303.83,99.5,52.81999999999999,1,1,1.0
19,3,208.86,249.19,96.94999999999999,42.420000000000016,1,1,1.0
20,1,437.23,306.24,101.22000000000003,53.69,1,1,1.0
20,3,208.87,249.24,96.94999999999999,42.40999999999997,1,1,1.0
21,1,420.35,308.65,102.95999999999992,54.55000000000001,1,1,1.0
21,3,208.88,249.28,96.94999999999999,42.41999999999999,1,1,1.0
22,1,403.47,311.06,104.69999999999999,55.420000000000016,1,1,1.0
22,3,208.89,249.33,96.94999999999999,42.41,1,1,1.0
23,1,386.6,313.47,106.41999999999996,56.27999999999997,1,1,1.0
23,3,208.9,249.37,96.95000000000002,42.420000000000016,1,1,1.0
24,1,366.53,316.59,108.15000000000003,57.14000000000004,1,1,1.0
24,3,208.91,249.42,96.95000000000002,42.41,1,1,1.0
25,1,346.45,319.71,109.88999999999999,58.01000000000005,1,1,1.0
25,3,208.92,249.46,96.95000000000002,42.41999999999999,1,1,1.0
26,1,326.38,322.83,111.62,58.870000000000005,1,1,1.0
26,3,208.93,249.5,96.95999999999998,42.420000000000016,1,1,1.0
27,1,305.56,326.09,113.57999999999998,60.31,1,1,1.0
27,3,208.94,249.55,96.95999999999998,42.420000000000016,1,1,1.0
28,1,284.74,329.35,115.53999999999996,61.75999999999999,1,1,1.0
28,3,208.96,249.59,96.95000000000002,42.41999999999999,1,1,1.0
29,1,263.93,332.61,117.49000000000001,63.19999999999999,1,1,1.0
29,3,208.97,249.64,96.95000000000002,42.420000000000016,1,1,1.0
30,1,243.11,335.87,119.44999999999999,64.63999999999999,1,1,1.0
30,3,208.98,249.68,96.95000000000002,42.420000000000016,1,1,1.0
31,1,222.29,339.13,121.41,66.09000000000003,1,1,1.0
31,3,208.99,249.73,96.94999999999999,42.41,1,1,1.0
32,1,196.72,342.99,126.32000000000002,67.52999999999997,1,1,1.0
32,3,209.0,249.77,96.94999999999999,42.41999999999999,1,1,1.0
33,1,171.15,346.84,131.23999999999998,68.97000000000003,1,1,1.0
33,3,209.01,249.82,96.94999999999999,42.410000000000025,1,1,1.0
34,1,145.59,350.7,136.14000000000001,70.41000000000003,1,1,1.0
34,3,209.02,249.86,96.96000000000001,42.41999999999996,1,1,1.0
35,1,120.02,354.55,141.05,71.86000000000001,1,1,1.0
35,3,209.03,249.91,96.96000000000001,42.41,1,1,1.0
36,1,94.45,358.41,145.95999999999998,73.29999999999995,1,1,1.0
36,3,209.05,249.95,96.94999999999999,42.420000000000016,1,1,1.0
37,1,68.88,362.26,150.88,74.74000000000001,1,1,1.0
37,3,209.06,250.0,96.94999999999999,42.410000000000025,1,1,1.0
38,1,43.32,366.11,155.78,76.19,1,1,1.0
38,3,209.07,250.04,96.94999999999999,42.41999999999999,1,1,1.0
39,1,28.88,371.59,146.42000000000002,77.64000000000004,1,1,1.0
39,3,209.08,250.09,96.94999999999996,42.41,1,1,1.0
40,1,14.45,377.07,137.05,79.10000000000002,1,1,1.0
40,3,209.09,250.13,96.95000000000002,42.420000000000016,1,1,1.0
41,1,0.02,382.54,127.68,80.56,1,1,1.0
41,3,209.1,250.17,96.95000000000002,42.41999999999999,1,1,1.0
42,1,0.01,388.59,102.16,75.64000000000004,1,1,1.0
42,3,209.11,250.22,96.94999999999999,42.41999999999999,1,1,1.0
43,1,0.01,394.65,76.61999999999999,70.72000000000003,1,1,1.0
43,3,209.12,250.26,96.95999999999998,42.420000000000016,1,1,1.0
44,1,0.0,400.7,51.1,65.80000000000001,1,1,1.0
44,3,209.13,250.31,96.95999999999998,42.420000000000016,1,1,1.0
45,1,0.0,400.7,51.1,65.80000000000001,1,1,1.0
45,3,209.15,250.35,96.95000000000002,42.41999999999999,1,1,1.0
46,3,209.16,250.4,96.95000000000002,42.41,1,1,1.0
47,3,209.17,250.44,96.95000000000002,42.420000000000016,1,1,1.0
48,3,209.18,250.49,96.94999999999999,42.40999999999997,1,1,1.0
49,3,209.19,250.53,96.94999999999999,42.41999999999999,1,1,1.0
50,3,209.2,250.58,96.94999999999999,42.41,1,1,1.0
51,3,209.21,250.62,96.96000000000001,42.420000000000016,1,1,1.0
52,3,209.22,250.67,96.96000000000001,42.41,1,1,1.0
53,3,209.24,250.71,96.94999999999999,42.41999999999999,1,1,1.0
54,3,209.25,250.76,96.94999999999999,42.410000000000025,1,1,1.0
55,3,209.26,250.8,96.94999999999999,42.420000000000016,1,1,1.0
56,3,209.27,250.84,96.95000000000002,42.41999999999999,1,1,1.0
57,3,209.28,250.89,96.95000000000002,42.420000000000016,1,1,1.0
58,3,209.29,250.93,96.95000000000002,42.420000000000016,1,1,1.0
59,3,209.3,250.98,96.94999999999999,42.41999999999999,1,1,1.0
60,3,209.31,251.02,96.95999999999998,42.41999999999999,1,1,1.0
61,3,209.32,251.07,96.95999999999998,42.410000000000025,1,1,1.0
62,3,209.34,251.11,96.95000000000002,42.41999999999996,1,1,1.0
63,3,209.35,251.16,96.95000000000002,42.41,1,1,1.0
64,3,209.36,251.2,96.94999999999999,42.420000000000016,1,1,1.0
65,3,209.37,251.25,96.94999999999999,42.410000000000025,1,1,1.0
66,3,209.38,251.29,96.94999999999999,42.41999999999999,1,1,1.0
67,3,209.39,251.34,96.94999999999999,42.41,1,1,1.0
68,3,209.4,251.38,96.96000000000001,42.420000000000016,1,1,1.0
68,4,866.54,231.1,90.86000000000001,76.15,1,1,1.0
69,3,209.41,251.43,96.96000000000001,42.40999999999997,1,1,1.0
69,4,857.37,232.3,102.63,77.46999999999997,1,1,1.0
70,3,209.43,251.47,96.94999999999999,42.41999999999999,1,1,1.0
70,4,850.79,233.22,109.21000000000004,78.19000000000003,1,1,1.0
71,3,209.44,251.51,96.94999999999999,42.420000000000016,1,1,1.0
71,4,844.21,234.14,115.78999999999996,78.92000000000002,1,1,1.0
72,3,209.45,251.56,96.94999999999999,42.420000000000016,1,1,1.0
72,4,837.63,235.07,122.37,79.63999999999999,1,1,1.0
73,3,209.46,251.6,96.95000000000002,42.41999999999999,1,1,1.0
73,4,831.05,235.99,128.95000000000005,80.37,1,1,1.0
74,3,209.47,251.65,96.95000000000002,42.41999999999999,1,1,1.0
74,4,824.47,236.91,135.52999999999997,81.1,1,1,1.0
75,3,209.48,251.69,96.95000000000002,42.420000000000016,1,1,1.0
75,4,817.9,237.83,142.10000000000002,81.83000000000001,1,1,1.0
76,3,209.49,251.74,96.94999999999999,42.40999999999997,1,1,1.0
76,4,811.32,238.75,148.67999999999995,82.55000000000001,1,1,1.0
77,3,209.5,251.78,96.95999999999998,42.41999999999999,1,1,1.0
77,4,804.74,239.68,155.26,83.26999999999998,1,1,1.0
78,3,209.51,251.83,96.96000000000004,42.41,1,1,1.0
78,4,798.16,240.6,93.44000000000005,84.00000000000003,1,1,1.0
79,3,209.53,251.87,96.95000000000002,42.420000000000016,1,1,1.0
79,4,788.77,240.8,119.86000000000001,86.13,1,1,1.0
80,3,209.54,251.92,96.95000000000002,42.41,1,1,1.0
80,4,779.38,241.0,146.28999999999996,88.25999999999999,1,1,1.0
81,3,209.55,251.96,96.94999999999999,42.41999999999999,1,1,1.0
81,4,769.99,241.2,172.71000000000004,90.38999999999999,1,1,1.0
82,3,209.56,252.01,96.94999999999999,42.410000000000025,1,1,1.0
82,4,760.6,241.4,175.86,92.52000000000001,1,1,1.0
83,3,209.57,252.05,96.94999999999999,42.420000000000016,1,1,1.0
83,4,751.21,241.6,179.01,94.65,1,1,1.0
84,3,209.58,252.1,96.94999999999996,42.41,1,1,1.0
84,4,741.82,241.8,182.15999999999997,96.77999999999997,1,1,1.0
85,3,209.59,252.14,96.95000000000002,42.420000000000016,1,1,1.0
85,4,732.44,242.0,185.29999999999995,98.92000000000002,1,1,1.0
86,3,209.6,252.19,96.96000000000001,42.410000000000025,1,1,1.0
86,4,723.05,242.2,188.45000000000005,101.05000000000001,1,1,1.0
87,3,209.62,252.23,96.94999999999999,42.41999999999999,1,1,1.0
87,4,713.66,242.4,191.60000000000002,103.17999999999998,1,1,1.0
88,3,209.63,252.27,96.94999999999999,42.41999999999999,1,1,1.0
88,4,704.27,242.6,194.75,105.31000000000003,1,1,1.0
89,3,209.64,252.32,96.94999999999999,42.420000000000016,1,1,1.0
89,4,694.88,242.8,197.89999999999998,107.44,1,1,1.0
90,3,209.65,252.36,96.95000000000002,42.41999999999996,1,1,1.0
90,4,685.49,243.0,201.04999999999995,109.57,1,1,1.0
91,3,209.66,252.41,96.95000000000002,42.41999999999999,1,1,1.0
91,4,676.1,243.2,204.19999999999993,111.69999999999999,1,1,1.0
92,3,209.67,252.45,96.95000000000002,42.420000000000016,1,1,1.0
92,4,663.37,244.93,208.48000000000002,113.18,1,1,1.0
93,3,209.68,252.5,96.94999999999999,42.410000000000025,1,1,1.0
93,4,650.64,246.66,212.75,114.65,1,1,1.0
94,3,209.69,252.54,96.95999999999998,42.41999999999999,1,1,1.0
94,4,637.91,248.39,217.0300000000001,116.13,1,1,1.0
95,3,209.7,252.59,96.96000000000004,42.41,1,1,1.0
95,4,625.18,250.12,221.31000000000006,117.60000000000002,1,1,1.0
96,3,209.72,252.63,96.95000000000002,42.420000000000016,1,1,1.0
96,4,612.45,251.85,225.58999999999992,119.08000000000001,1,1,1.0
97,3,209.73,252.68,96.95000000000002,42.40999999999997,1,1,1.0
97,4,599.73,253.58,229.85000000000002,120.55999999999997,1,1,1.0
98,3,209.74,252.72,96.94999999999999,42.41999999999999,1,1,1.0
98,4,587.0,255.31,234.13,122.02999999999997,1,1,1.0
99,3,209.75,252.77,96.94999999999999,42.41,1,1,1.0
99,4,574.27,257.04,238.40999999999997,123.50999999999999,1,1,1.0
100,3,209.76,252.81,96.94999999999999,42.420000000000016,1,1,1.0
100,4,561.54,258.76,242.68000000000006,124.99000000000001,1,1,1.0
101,3,209.77,252.86,96.95000000000002,42.40999999999997,1,1,1.0
101,4,548.81,260.49,246.96000000000004,126.46999999999997,1,1,1.0
102,3,209.78,252.9,96.95000000000002,42.41999999999999,1,1,1.0
102,4,536.08,262.22,251.24,127.94,1,1,1.0
103,3,209.79,252.94,96.96000000000001,42.420000000000016,1,1,1.0
103,4,523.35,263.95,255.51,129.42000000000002,1,1,1.0
104,3,209.8,252.99,96.95999999999998,42.420000000000016,1,1,1.0
104,4,510.62,265.68,259.78999999999996,130.89999999999998,1,1,1.0
105,3,209.82,253.03,96.94999999999999,42.41999999999999,1,1,1.0
105,4,497.89,267.41,264.07000000000005,132.36999999999995,1,1,1.0
106,3,209.83,253.08,96.94999999999996,42.41999999999999,1,1,1.0
106,4,485.16,269.14,268.34999999999997,133.85000000000002,1,1,1.0
107,3,209.84,253.12,96.95000000000002,42.420000000000016,1,1,1.0
107,4,472.43,270.87,272.61999999999995,135.32,1,1,1.0
108,3,209.85,253.17,96.95000000000002,42.41,1,1,1.0
108,4,459.7,272.6,276.90000000000003,136.79999999999995,1,1,1.0
108,5,415.54,270.89,101.28000000000003,40.69,1,1,1.0
109,3,209.86,253.21,96.94999999999999,42.41999999999999,1,1,1.0
109,4,441.9,274.16,284.31000000000006,140.60999999999996,1,1,1.0
109,5,401.14,272.0,101.91000000000003,40.60000000000002,1,1,1.0
110,3,209.87,253.26,96.94999999999999,42.410000000000025,1,1,1.0
110,4,424.1,275.72,291.72,144.40999999999997,1,1,1.0
110,5,386.74,273.1,102.52999999999997,40.51999999999998,1,1,1.0
111,3,209.88,253.3,96.95999999999998,42.420000000000016,1,1,1.0
111,4,406.3,277.28,299.12999999999994,148.22000000000003,1,1,1.0
111,5,372.34,274.2,103.16000000000003,40.44,1,1,1.0
112,3,209.89,253.35,96.96000000000004,42.41,1,1,1.0
112,4,388.5,278.84,306.53999999999996,152.03000000000003,1,1,1.0
112,5,357.94,275.3,103.78000000000003,40.360000000000014,1,1,1.0
112,6,919.59,212.49,40.40999999999997,57.49000000000001,1,1,1.0
113,3,209.91,253.39,96.95000000000002,42.420000000000016,1,1,1.0
113,4,370.7,280.4,313.96,155.83000000000004,1,1,1.0
113,5,343.54,276.4,104.40999999999997,40.28000000000003,1,1,1.0
113,6,914.26,212.79,42.930000000000064,57.91,1,1,1.0
114,3,209.92,253.44,96.95000000000002,42.410000000000025,1,1,1.0
114,4,352.9,281.96,321.37,159.64000000000004,1,1,1.0
114,5,329.14,277.5,105.03000000000003,40.19999999999999,1,1,1.0
114,6,908.93,213.09,45.450000000000045,58.33000000000001,1,1,1.0
115,3,209.93,253.48,96.94999999999999,42.41999999999999,1,1,1.0
115,4,335.1,283.52,328.78,163.45000000000005,1,1,1.0
115,5,314.74,278.61,105.65999999999997,40.110000000000014,1,1,1.0
115,6,903.6,213.39,47.95999999999992,58.75,1,1,1.0
116,3,209.94,253.53,96.94999999999999,42.41,1,1,1.0
116,4,317.3,285.08,336.19,167.25,1,1,1.0
116,5,300.33,279.71,106.29000000000002,40.03000000000003,1,1,1.0
116,6,898.27,213.69,50.48000000000002,59.170000000000016,1,1,1.0
117,3,209.95,253.57,96.94999999999999,42.420000000000016,1,1,1.0
117,4,299.5,286.64,343.6,171.06,1,1,1.0
117,5,285.93,280.81,106.92000000000002,39.94999999999999,1,1,1.0
117,6,892.94,213.99,53.0,59.589999999999975,1,1,1.0
118,3,209.96,253.61,96.95000000000002,42.41999999999996,1,1,1.0
118,4,281.7,288.2,345.22999999999996,174.87,1,1,1.0
118,5,271.53,281.91,107.54000000000002,39.86999999999995,1,1,1.0
118,6,887.61,214.29,55.50999999999999,60.01000000000002,1,1,1.0
119,3,209.97,253.66,96.95000000000002,42.41999999999999,1,1,1.0
119,4,256.88,289.76,359.09000000000003,178.67000000000002,1,1,1.0
119,5,257.13,283.01,108.17000000000002,39.79000000000002,1,1,1.0
119,6,882.28,214.59,58.02999999999997,60.42999999999998,1,1,1.0
120,3,209.98,253.7,96.96000000000001,42.420000000000016,1,1,1.0
120,4,232.06,291.32,372.94,182.48000000000002,1,1,1.0
120,5,239.34,284.27,110.09,40.35000000000002,1,1,1.0
120,6,876.95,214.89,60.549999999999955,60.85000000000002,1,1,1.0
121,3,209.99,253.75,96.95999999999998,42.420000000000016,1,1,1.0
121,4,207.23,292.88,386.79999999999995,186.29000000000002,1,1,1.0
121,5,221.54,285.52,112.03,40.920000000000016,1,1,1.0
121,6,871.62,215.19,63.07000000000005,61.26999999999998,1,1,1.0
122,3,210.01,253.79,96.94999999999999,42.41999999999999,1,1,1.0
122,4,182.41,294.44,400.6600000000001,190.08999999999997,1,1,1.0
122,5,203.75,286.78,113.94999999999999,41.49000000000001,1,1,1.0
122,6,866.29,215.5,65.59000000000003,61.68000000000001,1,1,1.0
123,3,210.02,253.84,96.95000000000002,42.41,1,1,1.0
123,4,157.59,296.0,414.51,193.89999999999998,1,1,1.0
123,5,185.96,288.03,115.86999999999998,42.06,1,1,1.0
123,7,437.18,265.7,100.42000000000002,34.629999999999995,1,1,1.0
123,6,860.96,215.8,68.09999999999991,62.099999999999966,1,1,1.0
124,3,210.03,253.88,96.95000000000002,42.420000000000016,1,1,1.0
124,4,144.1,298.81,413.61,197.14999999999998,1,1,1.0
124,5,168.16,289.29,117.81000000000003,42.620000000000005,1,1,1.0
124,7,422.04,266.39,102.22999999999996,35.75,1,1,1.0
124,6,855.63,216.1,70.62,62.52000000000001,1,1,1.0
125,3,210.04,253.93,96.95000000000002,42.40999999999997,1,1,1.0
125,4,120.08,301.62,423.25000000000006,201.26,1,1,1.0
125,5,150.37,290.54,119.73000000000002,43.19,1,1,1.0
125,7,406.89,267.09,104.05000000000001,36.870000000000005,1,1,1.0
125,6,850.3,216.4,73.1400000000001,62.93999999999997,1,1,1.0
126,3,210.05,253.97,96.94999999999999,42.41999999999999,1,1,1.0
126,4,96.07,304.44,432.87000000000006,205.37,1,1,1.0
126,5,132.57,291.79,121.66,43.76999999999998,1,1,1.0
126,7,391.74,267.78,105.87,38.0,1,1,1.0
126,6,844.97,216.7,75.64999999999998,63.360000000000014,1,1,1.0
127,3,210.06,254.02,96.94999999999999,42.41,1,1,1.0
127,4,72.05,307.25,442.49999999999994,209.48000000000002,1,1,1.0
127,5,114.78,293.05,123.59,44.329999999999984,1,1,1.0
127,7,376.59,268.47,107.69,39.129999999999995,1,1,1.0
127,6,839.64,217.0,78.16999999999996,63.77999999999997,1,1,1.0
128,3,210.07,254.06,96.95999999999998,42.420000000000016,1,1,1.0
128,4,48.03,310.06,452.13,213.58999999999997,1,1,1.0
128,5,96.99,294.3,125.51,44.89999999999998,1,1,1.0
128,7,361.44,269.16,109.50999999999999,40.25,1,1,1.0
128,6,834.31,217.3,80.69000000000005,64.19999999999999,1,1,1.0
129,3,210.08,254.11,96.96000000000001,42.40999999999997,1,1,1.0
129,4,24.02,312.88,461.76,217.70000000000005,1,1,1.0
129,5,79.89,295.7,125.41000000000001,44.910000000000025,1,1,1.0
129,7,346.29,269.86,111.32999999999998,41.370000000000005,1,1,1.0
129,6,826.54,217.86,81.72000000000003,64.30000000000001,1,1,1.0
130,3,210.1,254.15,96.95000000000002,42.41999999999999,1,1,1.0
130,4,0.0,315.69,471.39,221.81,1,1,1.0
130,5,62.8,297.1,125.3,44.90999999999997,1,1,1.0
130,7,331.14,270.55,113.15000000000003,42.5,1,1,1.0
130,6,818.78,218.42,82.74000000000001,64.4,1,1,1.0
131,3,210.11,254.2,96.94999999999999,42.410000000000025,1,1,1.0
131,4,0.91,318.5,456.09,219.88,1,1,1.0
131,5,43.67,298.51,127.23,44.910000000000025,1,1,1.0
131,7,315.99,271.24,114.96999999999997,43.629999999999995,1,1,1.0
131,6,811.01,218.99,83.76999999999998,64.5,1,1,1.0
132,3,210.12,254.24,96.94999999999999,42.420000000000016,1,1,1.0
132,4,1.13,322.09,436.31,216.49000000000007,1,1,1.0
132,5,24.53,299.92,129.17,44.90999999999997,1,1,1.0
132,7,300.85,271.93,116.77999999999997,44.75,1,1,1.0
132,6,803.25,219.55,84.77999999999997,64.59999999999997,1,1,1.0
133,3,210.13,254.28,96.94999999999999,42.41999999999999,1,1,1.0
133,4,1.34,325.67,416.54,213.10999999999996,1,1,1.0
133,5,5.4,301.33,131.1,44.900000000000034,1,1,1.0
133,7,285.7,272.63,118.60000000000002,45.870000000000005,1,1,1.0
133,6,795.48,220.11,85.80999999999995,64.69999999999999,1,1,1.0
134,3,210.14,254.33,96.94999999999999,42.41999999999999,1,1,1.0
134,4,1.56,329.26,396.76,209.73000000000002,1,1,1.0
134,5,4.19,302.74,115.11,44.89999999999998,1,1,1.0
134,7,269.09,273.49,120.26000000000005,46.89999999999998,1,1,1.0
134,6,787.72,220.67,86.82999999999993,64.80000000000004,1,1,1.0
135,3,210.15,254.37,96.95000000000002,42.420000000000016,1,1,1.0
135,4,1.77,332.84,376.99,206.35000000000008,1,1,1.0
135,5,2.98,304.15,99.11999999999999,44.900000000000034,1,1,1.0
135,7,252.49,274.36,121.89999999999998,47.91999999999996,1,1,1.0
135,6,779.95,221.23,87.8599999999999,64.9,1,1,1.0
136,3,210.16,254.42,96.95000000000002,42.41999999999999,1,1,1.0
136,4,1.99,336.43,357.21,202.95999999999998,1,1,1.0
136,5,1.77,305.56,83.13000000000001,44.889999999999986,1,1,1.0
136,7,235.88,275.22,123.56,48.94999999999999,1,1,1.0
136,6,772.19,221.8,88.88,65.0,1,1,1.0
137,3,210.17,254.46,96.96000000000001,42.41999999999999,1,1,1.0
137,4,2.21,340.02,337.43,199.57000000000005,1,1,1.0
137,5,1.77,307.29,63.49999999999999,45.47999999999996,1,1,1.0
137,7,219.28,276.09,125.20000000000002,49.97000000000003,1,1,1.0
137,6,764.42,222.36,89.91000000000008,65.09999999999997,1,1,1.0
138,3,210.18,254.51,96.95999999999998,42.410000000000025,1,1,1.0
138,4,2.42,343.6,317.65999999999997,196.19999999999993,1,1,1.0
138,5,1.77,309.03,43.86,46.05000000000001,1,1,1.0
138,7,202.67,276.95,126.85999999999999,51.0,1,1,1.0
138,6,756.66,222.92,90.93000000000006,65.20000000000002,1,1,1.0
139,3,210.2,254.55,96.94999999999999,42.420000000000016,1,1,1.0
139,4,2.64,347.19,297.88,192.81,1,1,1.0
139,5,1.77,310.77,24.23,46.629999999999995,1,1,1.0
139,7,186.07,277.82,128.5,52.03000000000003,1,1,1.0
139,6,748.89,223.48,91.95000000000005,65.29999999999998,1,1,1.0
140,3,210.21,254.6,96.95000000000002,42.41,1,1,1.0
140,4,2.29,349.93,278.09999999999997,189.74999999999994,1,1,1.0
140,5,1.77,310.77,24.23,46.629999999999995,1,1,1.0
140,7,169.46,278.69,130.16,53.05000000000001,1,1,1.0
140,8,727.18,491.63,122.92000000000007,46.75,1,1,1.0
140,6,741.13,224.04,92.97000000000003,65.4,1,1,1.0
141,3,210.22,254.64,96.95000000000002,42.420000000000016,1,1,1.0
141,4,1.95,352.67,258.32,186.68,1,1,1.0
141,7,152.86,279.55,131.8,54.079999999999984,1,1,1.0
141,8,737.13,486.66,122.91999999999996,50.53000000000003,1,1,1.0
141,6,733.36,224.61,94.0,65.5,1,1,1.0
142,3,210.23,254.69,96.95000000000002,42.410000000000025,1,1,1.0
142,4,1.6,355.42,238.55,183.60999999999996,1,1,1.0
142,7,136.26,280.42,133.45,55.099999999999966,1,1,1.0
142,8,747.09,481.68,122.91999999999996,54.329999999999984,1,1,1.0
142,6,725.59,225.17,95.02999999999997,65.6,1,1,1.0
143,3,210.24,254.73,96.94999999999999,42.41999999999999,1,1,1.0
143,4,1.26,358.16,218.76000000000002,180.54000000000002,1,1,1.0
143,7,119.65,281.28,135.1,56.13000000000005,1,1,1.0
143,8,757.04,476.7,122.92000000000007,58.12000000000006,1,1,1.0
143,6,717.83,225.73,96.04999999999995,65.70000000000002,1,1,1.0
144,3,210.25,254.78,96.94999999999999,42.41,1,1,1.0
144,4,0.91,360.9,198.99,177.48000000000002,1,1,1.0
144,7,103.05,282.15,136.75,57.150000000000034,1,1,1.0
144,8,767.0,471.72,122.91999999999996,61.91999999999996,1,1,1.0
144,6,710.06,226.29,97.08000000000004,65.79999999999998,1,1,1.0
145,3,210.26,254.82,96.96000000000004,42.420000000000016,1,1,1.0
145,4,0.91,365.74,173.19,172.64,1,1,1.0
145,7,84.98,283.77,137.71999999999997,57.150000000000034,1,1,1.0
145,8,776.95,466.75,122.91999999999996,65.70000000000005,1,1,1.0
145,6,702.3,226.86,98.10000000000002,65.89999999999998,1,1,1.0
146,3,210.27,254.87,96.96000000000001,42.40999999999997,1,1,1.0
146,4,0.91,370.58,147.39000000000001,167.8,1,1,1.0
146,7,66.92,285.39,138.68,57.160000000000025,1,1,1.0
146,8,786.91,461.77,122.92000000000007,69.5,1,1,1.0
146,6,694.53,227.42,99.13,66.00000000000003,1,1,1.0
147,3,210.29,254.91,96.95000000000002,42.41999999999999,1,1,1.0
147,4,0.91,375.42,121.59,162.95999999999998,1,1,1.0
147,7,48.86,287.02,139.64,57.150000000000034,1,1,1.0
147,8,796.86,456.79,122.91999999999996,73.29000000000002,1,1,1.0
147,6,686.77,227.98,100.13999999999999,66.1,1,1,1.0
148,3,210.3,254.96,96.94999999999999,42.41,1,1,1.0
148,4,0.91,380.26,95.79,158.12,1,1,1.0
148,7,30.8,288.64,140.6,57.150000000000034,1,1,1.0
148,8,806.82,451.81,122.91999999999996,77.08999999999997,1,1,1.0
148,6,679.0,228.54,101.16999999999996,66.20000000000002,1,1,1.0
149,3,210.31,255.0,96.94999999999999,42.420000000000016,1,1,1.0
149,4,0.91,385.1,69.99000000000001,153.27999999999997,1,1,1.0
149,7,23.11,290.26,131.19,57.160000000000025,1,1,1.0
149,8,813.8,451.81,117.5,77.08999999999997,1,1,1.0
149,6,671.24,229.1,102.18999999999994,66.29999999999998,1,1,1.0
150,3,210.32,255.04,96.94999999999999,42.41999999999999,1,1,1.0
150,4,0.91,385.1,69.99000000000001,153.27999999999997,1,1,1.0
150,7,15.42,291.89,121.77999999999999,57.150000000000034,1,1,1.0
150,8,820.84,447.93,112.37,76.20999999999998,1,1,1.0
150,6,663.47,229.67,103.22000000000003,66.4,1,1,1.0
151,3,210.33,255.09,96.94999999999996,42.41999999999999,1,1,1.0
151,4,0.91,385.1,69.99000000000001,153.27999999999997,1,1,1.0
151,7,7.73,293.51,112.36999999999999,57.150000000000034,1,1,1.0
151,8,827.88,444.05,107.25,75.32999999999998,1,1,1.0
151,6,655.71,230.23,104.24000000000001,66.50000000000003,1,1,1.0
152,3,210.34,255.13,96.95000000000002,42.420000000000016,1,1,1.0
152,7,0.03,295.13,102.97,57.14999999999998,1,1,1.0
152,8,834.91,440.17,102.13,74.44999999999999,1,1,1.0
152,6,647.94,230.79,105.26999999999998,66.6,1,1,1.0
153,3,210.35,255.18,96.95000000000002,42.420000000000016,1,1,1.0
153,7,0.03,295.13,84.8,58.23000000000002,1,1,1.0
153,8,841.95,436.29,97.0,73.57,1,1,1.0
153,6,640.18,231.35,106.29000000000008,66.70000000000002,1,1,1.0
154,3,210.36,255.22,96.95999999999998,42.41999999999999,1,1,1.0
154,7,0.03,295.13,66.62,59.31,1,1,1.0
154,8,848.99,432.41,91.88,72.69,1,1,1.0
154,6,632.41,231.91,107.31000000000006,66.79999999999998,1,1,1.0
155,3,210.37,255.27,96.95999999999998,42.41,1,1,1.0
155,7,0.03,295.13,48.449999999999996,60.389999999999986,1,1,1.0
155,8,856.03,428.53,86.75,71.80000000000001,1,1,1.0
155,6,624.65,232.48,108.33000000000004,66.9,1,1,1.0
156,3,210.39,255.31,96.94999999999999,42.420000000000016,1,1,1.0
156,7,0.03,295.13,30.27,61.47000000000003,1,1,1.0
156,8,863.06,424.65,81.63000000000011,70.92000000000002,1,1,1.0
156,6,616.88,233.04,109.36000000000001,67.00000000000003,1,1,1.0
157,3,210.39,255.31,96.94999999999999,42.420000000000016,1,1,1.0
157,7,0.03,295.13,30.27,61.47000000000003,1,1,1.0
157,8,870.1,420.77,76.50999999999999,70.04000000000002,1,1,1.0
157,6,609.12,233.6,110.38,67.1,1,1,1.0
158,3,210.39,255.31,96.94999999999999,42.420000000000016,1,1,1.0
158,7,0.03,295.13,30.27,61.47000000000003,1,1,1.0
158,8,877.14,416.89,71.38,69.16000000000003,1,1,1.0
158,6,597.75,233.92,111.57000000000005,67.6,1,1,1.0
159,3,210.39,255.31,96.94999999999999,42.420000000000016,1,1,1.0
159,8,884.18,413.0,66.25,68.29000000000002,1,1,1.0
159,6,586.39,234.24,112.75999999999999,68.09999999999997,1,1,1.0
160,3,210.39,255.31,96.94999999999999,42.420000000000016,1,1,1.0
160,8,891.22,409.12,61.129999999999995,67.40999999999997,1,1,1.0
160,6,575.03,234.56,113.94000000000005,68.60000000000002,1,1,1.0
161,3,210.39,255.31,96.94999999999999,42.420000000000016,1,1,1.0
161,8,898.25,405.24,56.00999999999999,66.52999999999997,1,1,1.0
161,6,563.67,234.88,115.13,69.10000000000002,1,1,1.0
162,3,210.39,255.31,96.94999999999999,42.420000000000016,1,1,1.0
162,8,905.29,401.36,50.879999999999995,65.64999999999998,1,1,1.0
162,6,552.3,235.2,116.32000000000005,69.60000000000002,1,1,1.0
163,3,210.39,255.31,96.94999999999999,42.420000000000016,1,1,1.0
163,8,912.33,397.48,45.75999999999999,64.76999999999998,1,1,1.0
163,6,540.94,235.52,117.5,70.09,1,1,1.0
164,3,210.39,255.31,96.94999999999999,42.420000000000016,1,1,1.0
164,8,919.37,393.6,40.629999999999995,63.889999999999986,1,1,1.0
164,6,529.58,235.84,118.68999999999994,70.59,1,1,1.0
165,3,210.39,255.31,96.94999999999999,42.420000000000016,1,1,1.0
165,8,919.37,393.6,40.629999999999995,63.889999999999986,1,1,1.0
165,6,518.22,236.15,119.87,71.1,1,1,1.0
166,3,210.39,255.31,96.94999999999999,42.420000000000016,1,1,1.0
166,8,919.37,393.6,40.629999999999995,63.889999999999986,1,1,1.0
166,6,506.85,236.47,121.05999999999995,71.6,1,1,1.0
167,3,210.39,255.31,96.94999999999999,42.420000000000016,1,1,1.0
167,8,919.37,393.6,40.629999999999995,63.889999999999986,1,1,1.0
167,6,495.49,236.79,122.25,72.1,1,1,1.0
168,3,210.39,255.31,96.94999999999999,42.420000000000016,1,1,1.0
168,8,919.37,393.6,40.629999999999995,63.889999999999986,1,1,1.0
168,6,484.13,237.11,123.42999999999995,72.59999999999997,1,1,1.0
169,3,210.39,255.31,96.94999999999999,42.420000000000016,1,1,1.0
169,8,919.37,393.6,40.629999999999995,63.889999999999986,1,1,1.0
169,6,472.77,237.43,124.62,73.09999999999997,1,1,1.0
170,3,210.39,255.31,96.94999999999999,42.420000000000016,1,1,1.0
170,8,919.37,393.6,40.629999999999995,63.889999999999986,1,1,1.0
170,6,461.41,237.75,125.80000000000001,73.60000000000002,1,1,1.0
171,3,210.39,255.31,96.94999999999999,42.420000000000016,1,1,1.0
171,6,450.04,238.07,126.98999999999995,74.10000000000002,1,1,1.0
172,3,210.39,255.31,96.94999999999999,42.420000000000016,1,1,1.0
172,6,438.68,238.39,128.18,74.60000000000002,1,1,1.0
173,3,210.39,255.31,96.94999999999999,42.420000000000016,1,1,1.0
173,6,427.32,238.71,129.35999999999996,75.09,1,1,1.0
174,3,210.39,255.31,96.94999999999999,42.420000000000016,1,1,1.0
174,6,415.96,239.03,130.54000000000002,75.59,1,1,1.0
175,3,210.39,255.31,96.94999999999999,42.420000000000016,1,1,1.0
175,6,404.59,239.35,131.74000000000007,76.09,1,1,1.0
176,3,210.39,255.31,96.94999999999999,42.420000000000016,1,1,1.0
176,6,393.23,239.67,132.91999999999996,76.59,1,1,0.0
177,3,210.39,255.31,96.94999999999999,42.420000000000016,1,1,1.0
177,6,381.87,239.99,134.11,77.08999999999997,1,1,0.0
178,3,210.39,255.31,96.94999999999999,42.420000000000016,1,1,1.0
178,6,370.51,240.31,135.29000000000002,77.58999999999997,1,1,1.0
179,3,210.39,255.31,96.94999999999999,42.420000000000016,1,1,1.0
179,6,358.45,240.55,136.65000000000003,78.22999999999996,1,1,1.0
180,3,210.39,255.31,96.94999999999999,42.420000000000016,1,1,1.0
180,6,346.39,240.79,138.0,78.87000000000003,1,1,1.0
181,3,210.39,255.31,96.94999999999999,42.420000000000016,1,1,1.0
181,6,334.33,241.03,139.36,79.51000000000002,1,1,1.0
182,3,210.39,255.31,96.94999999999999,42.420000000000016,1,1,1.0
182,6,322.27,241.27,140.72000000000003,80.15,1,1,1.0
183,3,210.39,255.31,96.94999999999999,42.420000000000016,1,1,1.0
183,6,310.22,241.5,142.05999999999995,80.80000000000001,1,1,1.0
184,3,210.39,255.31,96.94999999999999,42.420000000000016,1,1,1.0
184,6,298.16,241.74,143.41999999999996,81.44,1,1,1.0
185,3,210.39,255.31,96.94999999999999,42.420000000000016,1,1,1.0
185,6,286.1,241.98,144.77999999999997,82.08000000000001,1,1,1.0
186,3,210.39,255.31,96.94999999999999,42.420000000000016,1,1,1.0
186,6,274.04,242.22,146.13,82.72,1,1,1.0
187,3,210.39,255.31,96.94999999999999,42.420000000000016,1,1,1.0
187,6,261.98,242.46,147.49,83.35999999999999,1,1,1.0
188,3,210.39,255.31,96.94999999999999,42.420000000000016,1,1,1.0
188,6,249.92,242.7,148.85,84.0,1,1,1.0
189,3,210.39,255.31,96.94999999999999,42.420000000000016,1,1,1.0
189,6,237.87,242.94,150.19,84.63999999999999,1,1,1.0
190,3,210.39,255.31,96.94999999999999,42.420000000000016,1,1,1.0
190,6,225.81,243.18,151.55,85.27999999999997,1,1,0.0
